0.31
0.19
0.17
0.33
0.42
0.24
0.29
0.06
0.31
0.35
0.50
0.50
0.66
0.34
0.67
0.31
0.17
0.17
0.34
0.42
0.23
0.30
0.05
0.31
0.36
0.34
0.15
0.51
0.65
0.35
0.66
0.50
0.13
0.37
0.41
0.26
0.30
0.36
0.34
0.05
0.29
0.17
0.12
0.38
0.35
0.31
0.30
0.06
0.15
0.49
0.63
0.37
0.66
0.33
0.07
0.27
0.35
0.33
0.17
0.14
0.20
0.16
0.16
0.31
0.17
0.31
0.70
0.51
0.15
0.35
0.03
0.13
0.33
0.29
0.17
0.41
0.30
0.50
0.16
0.35
0.05
0.10
0.50
0.30
0.05
0.33
0.33
0.33
0.17
0.17
0.21
0.29
0.63
0.16
0.42
0.29
0.50
0.16
0.21
0.29
0.20
0.20
0.12
0.30
0.41
0.29
0.50
0.16
0.37
0.13
0.67
0.14
0.39
0.29
0.51
0.16
0.34
0.16
0.50
0.30
0.37
0.33
0.33
0.17
0.16
0.22
0.29
0.80
0.39
0.35
0.64
0.64
0.17
0.16
0.16
0.16
0.19
0.16
0.16
0.17
0.34
0.17
0.12
0.39
0.14
0.16
0.35
0.30
0.36
0.33
0.17
0.16
0.17
0.13
0.03
0.17
0.15
0.17
0.34
0.16
0.17
0.13
0.36
0.34
0.17
0.16
0.16
0.14
0.03
0.21
0.12
0.16
0.35
0.46
0.36
0.34
0.17
0.16
0.16
0.15
0.23
0.12
0.16
0.16
0.17
0.16
0.17
0.13
0.39
0.30
0.35
0.29
0.05
0.33
0.16
0.17
0.34
0.29
0.36
0.34
0.17
0.15
0.19
0.13
0.37
0.16
0.34
0.16
0.30
0.36
0.34
0.17
0.16
0.16
0.13
0.05
0.20
0.13
0.16
0.19
0.63
0.36
0.33
0.19
0.15
0.17
0.15
0.22
0.13
0.16
0.17
0.16
0.16
0.19
0.12
0.39
0.30
0.50
0.16
0.36
0.14
0.35
0.28
0.06
0.12
0.42
0.29
0.50
0.16
0.34
0.16
0.50
0.31
0.03
0.33
0.33
0.33
0.17
0.17
0.21
0.29
0.33
0.29
0.16
0.03
0.37
0.31
0.50
0.16
0.22
0.14
0.14
0.31
0.08
0.10
0.31
0.41
0.29
0.50
0.16
0.37
0.13
0.33
0.30
0.05
0.13
0.05
0.36
0.29
0.50
0.17
0.35
0.15
0.50
0.30
0.36
0.34
0.33
0.17
0.16
0.20
0.30
0.34
0.29
0.19
0.39
0.30
0.50
0.16
0.22
0.28
0.50
0.30
0.05
0.36
0.31
0.05
0.44
0.13
0.05
0.34
0.50
0.45
0.37
0.05
0.29
0.34
0.15
0.14
0.03
0.30
0.53
0.46
0.38
0.31
0.51
0.12
0.05
0.20
0.31
0.65
0.13
0.37
0.84
0.99
0.17
0.16
0.19
0.16
0.15
0.17
0.17
0.34
0.29
0.38
0.14
0.17
0.35
0.29
0.05
0.33
0.33
0.34
0.16
0.14
0.03
0.17
0.15
0.16
0.35
0.16
0.16
0.14
0.36
0.34
0.17
0.15
0.17
0.13
0.05
0.20
0.13
0.16
0.63
0.19
0.35
0.34
0.17
0.16
0.17
0.15
0.23
0.12
0.16
0.34
0.16
0.17
0.13
0.38
0.31
0.34
0.30
0.37
0.16
0.16
0.35
0.29
0.36
0.34
0.34
0.16
0.13
0.37
0.16
0.34
0.16
0.17
0.14
0.36
0.33
0.17
0.16
0.17
0.13
0.05
0.20
0.13
0.16
0.81
0.36
0.33
0.17
0.16
0.17
0.14
0.23
0.12
0.17
0.17
0.16
0.16
0.17
0.13
0.70
0.50
0.50
0.66
0.29
0.06
0.16
0.15
0.35
0.50
0.50
0.48
0.17
0.35
0.29
0.38
0.31
0.17
0.17
0.34
0.66
0.66
0.35
0.34
0.15
0.50
0.66
0.34
0.29
0.00
